8.433469340397967695e-01
8.626604811738054490e-01
8.601785200115176222e-01
9.003465642584895789e-01
9.244404044994888325e-01
9.042774507814086427e-01
9.448570700540765976e-01
9.513632876870941057e-01
8.979415730337080293e-01
9.027066375488056460e-01
8.548496163231708023e-01
8.877981462813072655e-01
9.580386945161053491e-01
9.104988558352404837e-01
9.375611911235712803e-01
9.569130233241754935e-01
9.576198641208067963e-01
8.307842243425501705e-01
9.263671533133529534e-01
9.678145138609579590e-01
9.541357238550470798e-01
9.573353331860838811e-01
9.101884499799290928e-01
9.519973672219128602e-01
9.160837646447367311e-01
9.108912933604267348e-01
8.967295289135341907e-01
9.582582249066662339e-01
9.524747908848871791e-01
9.462546406219469741e-01
9.091193933981922548e-01
9.033275985061475222e-01
9.496543047245677993e-01
9.435759197919779684e-01
9.697201200769355323e-01
9.302092802353253420e-01
9.416455081921502046e-01
9.616186419287591214e-01
9.290788966169389873e-01
9.293667491818835558e-01
8.266460198122971281e-01
8.646461192094503367e-01
9.010206114294420088e-01
9.149197943516885756e-01
9.683639105302840333e-01
9.554585486536312233e-01
9.334699398761060474e-01
9.571571634224197433e-01
9.534279241683558670e-01
9.653530318786531783e-01
9.570507548944329201e-01
9.081050405451539520e-01
9.271264826737203313e-01
9.310929766633392335e-01
7.259567895691533268e-01
8.349548822906690537e-01
9.191136150566925345e-01
9.637194631304515369e-01
9.408962111882928081e-01
9.181969279955053409e-01
8.599719350949663887e-01
9.570490515721892244e-01
9.713967946158672540e-01
9.325326619488296664e-01
9.283105459412945848e-01
9.306720003120442231e-01
9.504453237510661623e-01
8.876585289893941244e-01
9.650046889230611269e-01
9.148817452032110831e-01
9.161277837802971336e-01
7.323462414578593149e-01
9.457763610435366841e-01
9.741558971493984309e-01
8.841990386698658222e-01
9.161956879279925525e-01
9.397452336157413599e-01
8.831297926725364400e-01
9.290845279998358741e-01
9.277928472763968815e-01
9.098560641745621069e-01
9.188174028189817211e-01
9.398509330034144904e-01
8.694201021107980099e-01
9.434132245453000776e-01
9.310184401962443568e-01
9.435361660936613104e-01
9.270462633451959089e-01
9.242920004513147658e-01
9.170512502093790541e-01
9.270894379410707931e-01
8.924884387701160771e-01
9.054194245970865751e-01
9.504859324084616867e-01
9.364440986593238758e-01
8.688226670539992424e-01
7.466357048932661389e-01
9.473599864252114644e-01
8.511035910904595214e-01
9.418215314432762941e-01
9.113896431342126681e-01
7.955171407176131471e-01
9.080441894593379581e-01
8.205804470982921428e-01
8.907147495130114390e-01
8.690048057031923845e-01
9.062143276257536018e-01
8.751397147583493963e-01
9.484754282690653904e-01
9.027429981742211007e-01
9.127748744322303764e-01
7.728814830087535892e-01
9.057667563457715287e-01
9.046042856428317958e-01
8.092593354452081167e-01
9.415600950656406454e-01
9.218977655341292765e-01
8.718137947889761374e-01
9.148030910791865589e-01
9.403615751044155369e-01
7.352675878632262130e-01
9.010764187571201900e-01
9.229922992299230966e-01
8.675546236507899467e-01
9.020944849162262358e-01
8.981087097509248274e-01
9.455030396232309009e-01
9.425219910062252460e-01
8.937213761123108391e-01
8.918565737051795672e-01
9.282228503290200772e-01
9.113458979603996646e-01
8.982081851774386116e-01
9.369098348925034569e-01
9.368134332233410966e-01
9.521648559433387726e-01
8.264867401423011684e-01
8.009212007013691847e-01
9.462877488460942343e-01
6.113151829443971286e-01
9.007048084656252840e-01
6.814678577684364358e-01
9.164641410531332300e-01
9.378907732274730513e-01
9.190277168433125254e-01
8.891102646742846671e-01
9.472360261534521486e-01
9.288833397767820577e-01
9.253281326649038796e-01
8.860275491573705864e-01
9.397364197290888344e-01
7.855035350442577391e-01
8.301016744150889748e-01
9.381527470658275192e-01
9.241552414103385571e-01
9.246830281986532230e-01
8.919197471485506012e-01
8.890944848587379878e-01
7.689180390350811578e-01
9.293464797106476549e-01
9.522028982162160649e-01
9.355718947823694620e-01
8.339115336464825168e-01
8.979995276541029581e-01
9.052741037269451674e-01
7.960425504658577012e-01
9.300997607547510926e-01
8.647487416224034495e-01
9.501120670956546554e-01
8.800562274302611288e-01
9.199436209359304062e-01
8.152482899529184257e-01
8.321017083829970185e-01
8.878431896053042838e-01
9.411512422265111422e-01
7.898512501318716295e-01
9.229591641471163177e-01
9.210303238856203389e-01
9.154378417601783946e-01
8.425047438330174332e-01
5.561314453646818423e-01
8.585891106818347440e-01
9.157104021158686269e-01
8.958585613950109661e-01
9.674319903327537329e-01
9.138673760033897420e-01
9.454342439053057268e-01
9.600785627230401520e-01
9.470295429568815759e-01
8.933994977878753074e-01
9.376445543984811559e-01
9.435293370874648922e-01
9.373996576751097987e-01
9.514737624287887829e-01
9.425337842784148323e-01
9.637164604961104830e-01
9.510669568090415193e-01
9.206878063725491002e-01
9.639934971334485070e-01
9.495146857251111072e-01
9.157520450528220390e-01
9.158208483397876076e-01
9.218358589342374732e-01
8.876613504811006194e-01
9.572200540378265066e-01
8.649603218956077866e-01
9.559977548794307278e-01
9.365252340610024095e-01
9.603722850443174863e-01
9.725583058107385437e-01
9.478032294404806768e-01
9.436991210928943330e-01
9.020398481973436189e-01
9.045651633383630097e-01
9.669912418433322943e-01
9.696716830201709270e-01
9.464141291748541240e-01
9.067194098465816143e-01
9.647656321850826000e-01
9.516117638748263774e-01
9.545211233858592603e-01
9.737201690552607092e-01
8.863874643411546739e-01
8.837990055136488721e-01
9.502361858727892407e-01
9.321386753550883197e-01
9.368246860702813539e-01
9.382732532265244396e-01
9.156138822333551586e-01
7.901989011957577524e-01
9.085060918462979362e-01
9.624553775461047733e-01
9.545079990352922650e-01
9.283702706012000316e-01
9.401850701224925277e-01
9.610850666788038899e-01
9.130951064960257657e-01
7.782247925572045588e-01
9.363393928860452853e-01
9.203880472393030088e-01
9.326973102335986976e-01
9.574445805715243729e-01
9.312823394441714919e-01
8.316246254371988389e-01
9.620819474395994053e-01
9.675219208249281611e-01
9.584091401853300773e-01
9.554125148073304707e-01
9.388277765519136286e-01
9.228336273607119500e-01
9.662085743810058247e-01
8.298806539236786017e-01
9.157641973826390336e-01
9.351802521754573050e-01
9.582521354148917370e-01
9.542224337106615106e-01
8.913586222709093398e-01
9.307884409561184569e-01
8.174838933683120645e-01
9.390668278574380023e-01
9.656424533873281257e-01
8.544734891397084420e-01
9.455812133810351794e-01
9.633564938535542632e-01
9.454585059478909370e-01
9.507576894223556119e-01
9.248099900514844540e-01
9.378197879637901746e-01
9.581689757939174656e-01
9.114160358233995840e-01
9.663265853266194139e-01
9.472620040255214091e-01
8.235633531077014569e-01
9.626553431327911081e-01
9.614766245562301750e-01
9.615769736712936888e-01
8.819012860020314371e-01
9.039461735325683422e-01
9.433010406067499076e-01
9.578768181190806530e-01
9.347406051836405494e-01
9.437640616377297453e-01
9.140788391917037403e-01
9.634714712291179151e-01
