6.590108792768180068e-01 4.162634852901420657e-01 1.000000000000000000e+00 8.370774263904039447e-01
9.020370559934491883e-01 6.233321929524483496e-01 1.000000000000000000e+00 1.000000000000000000e+00
4.962429555416484894e-01 8.274814704765680595e-01 1.000000000000000000e+00 4.011231448054392155e-14
8.862660944206018909e-01 8.812060490604201046e-01 1.000000000000000000e+00 1.999999999996000170e-12
9.513109457496988774e-01 6.738161559888585783e-01 1.000000000000000000e+00 9.433962264142044408e-13
8.700469807510833320e-01 6.716543686925786627e-01 1.000000000000000000e+00 9.110898661567886636e-01
9.060393158753816678e-01 8.091843534804826765e-01 1.000000000000000000e+00 1.282051282049638393e-12
8.118660305984375380e-01 7.909962682001713263e-01 1.000000000000000000e+00 7.190701942193010732e-01
9.390129809379020864e-01 6.716773259885174818e-01 1.000000000000000000e+00 1.000000000000000000e+00
9.044174310786290416e-01 6.918214032600999985e-01 1.000000000000000000e+00 1.886792452826628505e-12
6.452017562199530154e-01 7.598070331344425332e-01 1.000000000000000000e+00 8.996933858957518737e-01
6.548862115127267458e-01 8.820442538740405070e-01 1.000000000000000000e+00 9.022443890274326472e-01
9.056360380545018796e-01 9.053143909497500808e-01 1.000000000000000000e+00 7.314814814816057442e-01
8.801949246046345543e-01 7.680632212744613607e-01 1.000000000000000000e+00 5.441624365482696790e-01
7.241155932277829610e-01 2.452178205602886518e-01 1.000000000000000000e+00 8.066609252453802448e-01
6.352692370261946442e-01 9.232209862194920014e-01 1.000000000000000000e+00 9.330672179057670768e-01
9.140100916679350096e-01 9.214406639004150135e-01 1.000000000000000000e+00 1.000000000000000000e+00
7.242567434534371573e-01 7.030853417161492258e-01 1.000000000000000000e+00 2.808988764044155082e-13
9.140996849673134195e-01 6.804348794724416338e-01 1.000000000000000000e+00 3.124999999990234294e-12
8.800901645118117678e-01 8.396712343982120075e-01 1.000000000000000000e+00 7.901785714285720630e-01
9.648308216316956454e-01 7.839836236257438085e-01 1.000000000000000000e+00 7.413793103449390909e-01
9.114750847447123938e-01 8.692891115981046246e-01 1.000000000000000000e+00 3.401360544216530642e-13
9.085100456144016290e-01 7.509332818620892969e-01 1.000000000000000000e+00 7.609384908053341556e-01
8.993719338359791315e-01 7.897247076330200510e-01 1.000000000000000000e+00 7.964011028878261733e-01
9.002085962246660911e-01 4.501321463346856233e-01 1.000000000000000000e+00 6.369426751588300266e-13
8.741089348743862342e-01 8.365677909906725773e-01 1.000000000000000000e+00 7.553191489363003663e-01
8.650083941480797289e-01 8.057925479746913533e-01 1.000000000000000000e+00 8.423779303199088186e-01
9.512483433033636082e-01 7.775711672487040094e-01 1.000000000000000000e+00 2.188183807439346173e-13
9.891196834821468220e-02 9.123781502206702587e-01 1.000000000000000000e+00 8.802247299849862427e-01
8.796788255402595569e-01 8.318489338014902756e-01 1.000000000000000000e+00 1.000000000000000000e+00
9.121556853737499138e-01 3.999034049746510444e-01 1.000000000000000000e+00 3.875968992246560177e-13
5.263571990558801872e-01 8.910308478186315106e-01 1.000000000000000000e+00 8.370332128721418297e-01
9.058664496647454989e-01 7.859334890274267682e-01 1.000000000000000000e+00 8.116883116882457535e-14
9.187990512736459170e-01 7.082752258147574365e-01 1.000000000000000000e+00 7.981045376220592402e-01
9.534678944946571866e-01 7.374380750176934285e-01 1.000000000000000000e+00 8.850664581704547063e-01
9.133920396602677183e-01 7.469489036309316932e-01 1.000000000000000000e+00 9.130824372759895891e-01
9.429273439632844811e-01 6.966623755847910493e-01 1.000000000000000000e+00 7.483526827737724263e-01
9.456362989700862753e-01 5.733248549399896365e-01 1.000000000000000000e+00 1.589067217543276783e-14
7.266041275797379129e-01 8.098216895644551050e-01 1.000000000000000000e+00 8.942171272913003177e-01
6.715201874106145885e-01 8.196541158198981103e-01 1.000000000000000000e+00 9.005655857146386278e-01
8.850933021604540096e-01 7.150201623860095168e-01 1.000000000000000000e+00 1.000000000000000000e+00
7.469574363047076782e-01 6.489246041125046327e-01 1.000000000000000000e+00 8.295687885010336604e-01
2.826086956523038429e-01 8.971592265457151161e-01 1.000000000000000000e+00 6.025768087215458424e-01
9.091498430637415806e-01 3.786646331130343324e-01 1.000000000000000000e+00 8.487727632620774010e-01
4.174036080650935232e-01 8.173507412669905881e-01 1.000000000000000000e+00 9.518559216285177316e-01
9.482125922566281284e-01 8.732742855093773571e-01 1.000000000000000000e+00 8.899755501222762488e-01
9.128682892744849342e-01 9.033603426673777470e-01 1.000000000000000000e+00 1.490312965722579679e-13
8.905957100910736335e-01 8.310357592359519652e-01 1.000000000000000000e+00 1.000000000000000000e+00
7.075176194205226032e-01 8.933360700602083204e-01 1.000000000000000000e+00 8.947992100065846888e-01
9.271980652805505985e-01 7.903110810912231665e-01 1.000000000000000000e+00 7.931034482758677617e-01
9.329226236314327458e-01 7.185670844246019318e-01 1.000000000000000000e+00 8.426212962295447362e-01
9.042136730844514414e-01 7.837575736007190708e-01 1.000000000000000000e+00 1.319261213720142666e-13
8.769793261697388376e-01 7.306736811340001599e-15 1.000000000000000000e+00 7.782214156079935163e-01
8.942149583935423696e-01 6.908157311238191101e-01 1.000000000000000000e+00 1.639344262292394627e-12
7.344262295082063519e-01 6.851245608431817402e-01 1.000000000000000000e+00 8.957746478873276352e-01
8.637466902030017657e-01 7.767320017809257182e-01 1.000000000000000000e+00 8.764774044032473954e-01
9.094668452717115104e-01 8.234184891380278426e-01 1.000000000000000000e+00 2.139495079161272293e-14
2.297241663236216924e-01 9.538812435045233018e-01 1.000000000000000000e+00 8.908609394601129106e-01
9.319906265162229975e-01 7.786346271285133902e-01 1.000000000000000000e+00 1.000000000000000000e+00
8.826121482957819397e-01 7.987478779671663975e-01 1.000000000000000000e+00 7.258826174949465360e-01
4.901561439239993101e-01 8.255670103092787038e-01 1.000000000000000000e+00 9.050054804530525132e-01
9.397804351487498709e-01 8.279745685740239614e-01 1.000000000000000000e+00 6.849315068488459991e-13
9.597687512134090992e-01 8.359932088285235707e-01 1.000000000000000000e+00 9.674418604651314757e-01
8.779997192050952304e-01 7.727734943170847526e-01 1.000000000000000000e+00 6.467148262814018667e-01
8.434722289438449927e-01 7.639286758257821663e-01 1.000000000000000000e+00 1.522070015220468346e-13
8.448899665315997565e-01 8.467511955424911196e-01 1.000000000000000000e+00 7.708102108768098981e-01
9.183836356795093137e-01 8.377892857538895566e-01 1.000000000000000000e+00 7.724063009234235500e-01
8.432194046306517032e-01 8.021191560553959654e-01 1.000000000000000000e+00 9.152249134948170495e-01
9.260131804908896536e-01 3.688818629537320426e-01 1.000000000000000000e+00 7.164980384059487228e-01
8.005105417415148139e-01 7.695224250044202519e-01 1.000000000000000000e+00 3.556187766713955876e-14
8.824433883142299706e-01 6.528511157693642764e-01 1.000000000000000000e+00 2.053388090348654483e-13
8.553478238840762637e-01 4.763537528747670002e-01 1.000000000000000000e+00 9.193548387097099095e-01
4.638912489380234705e-01 9.408725101688110160e-01 1.000000000000000000e+00 8.629939428901106657e-01
9.046321725438499772e-01 6.333004549937961691e-01 1.000000000000000000e+00 7.799883573605458364e-01
8.906815634245394131e-01 7.701532516914647575e-01 1.000000000000000000e+00 9.027764937906382903e-01
7.025445550951096019e-01 7.433156258954749518e-01 1.000000000000000000e+00 2.866799549354394627e-01
5.847197599890910924e-01 8.992679753513574958e-01 1.000000000000000000e+00 8.992120189318479895e-01
2.861130495464559442e-01 8.345832571184688131e-01 1.000000000000000000e+00 8.279905201446946528e-01
7.966306820932376187e-01 8.851153210388322812e-01 1.000000000000000000e+00 8.856831721222216958e-01
5.858332659497065276e-01 8.694700859738173637e-01 1.000000000000000000e+00 9.463470969525932253e-01
3.613772455089915847e-01 8.853058259288845155e-01 1.000000000000000000e+00 9.269544496379802379e-01
8.822633531024351994e-01 7.988535312706698255e-01 1.000000000000000000e+00 7.951974000962932498e-01
8.147063737697615160e-01 8.116152819980732014e-01 1.000000000000000000e+00 8.946412963087475578e-01
5.692137320044340365e-01 7.904155895804337861e-01 1.000000000000000000e+00 8.409374770406292665e-01
8.512011412752733541e-01 6.870259341070326098e-01 1.000000000000000000e+00 8.391573420016258389e-01
7.124095528880340922e-01 8.440144524660031511e-01 1.000000000000000000e+00 8.675271429656064015e-01
7.943742925721076764e-01 6.840886895504039167e-01 1.000000000000000000e+00 7.492837753184382610e-01
8.566769749789157062e-01 7.809981858836443358e-01 1.000000000000000000e+00 6.862745098039472191e-01
2.529550827424050796e-01 8.499455007872118717e-01 1.000000000000000000e+00 9.294614801170232310e-01
7.911896277200705097e-01 8.538985616956852320e-01 1.000000000000000000e+00 7.890595526812185234e-01
7.810130944176438827e-01 8.784762520383729845e-01 1.000000000000000000e+00 8.642427293320827930e-01
6.750562906757975323e-01 8.436270568814846493e-01 1.000000000000000000e+00 7.790251725821077944e-01
3.360977738978901952e-01 8.765516254723254574e-01 1.000000000000000000e+00 8.908629441624372758e-01
8.171826625387000886e-01 9.036974075648108728e-01 1.000000000000000000e+00 9.066807062407161721e-01
8.188249400479620244e-01 9.041113859530770513e-01 1.000000000000000000e+00 9.030156003754008509e-01
9.122044321917086585e-01 8.219566118557415368e-01 1.000000000000000000e+00 8.615246502580993226e-01
5.461346633416741536e-01 7.155917345021920450e-01 1.000000000000000000e+00 8.510496501166302519e-01
7.248592115848767614e-01 9.251445732297536306e-01 1.000000000000000000e+00 8.965472899119144579e-01
6.589454434623642776e-01 4.976543096311333292e-01 1.000000000000000000e+00 8.494473268666823396e-01
6.347735362710210660e-01 9.126949063048890309e-01 1.000000000000000000e+00 8.316781625798999045e-01
8.098249742609234803e-01 8.732145393708867775e-01 1.000000000000000000e+00 8.930134543686181203e-01
1.742160278747083013e-01 7.849397432194714641e-01 1.000000000000000000e+00 7.427731504164751808e-01
6.739145682822479388e-01 8.470682363698709416e-01 1.000000000000000000e+00 7.585251860827422199e-01
4.890109890110241331e-01 7.861934110541820564e-01 1.000000000000000000e+00 8.998483760274527121e-01
5.084650902476632872e-01 8.655405062649014214e-01 1.000000000000000000e+00 7.897877063965603739e-01
7.294354838709732336e-01 8.027016495648789940e-01 1.000000000000000000e+00 8.644763860369621966e-01
8.823324543509633022e-01 8.441636304939356128e-01 1.000000000000000000e+00 7.115407010597448734e-01
5.684840751828063032e-01 7.967566130533033641e-01 1.000000000000000000e+00 8.322903301825040900e-01
3.896236880279939641e-01 9.268980965020966467e-01 1.000000000000000000e+00 8.710496461563402848e-01
5.381642512077304819e-01 8.484233932817921708e-01 1.000000000000000000e+00 6.555820683352803213e-01
6.414003533001474411e-01 8.859172631220177951e-01 1.000000000000000000e+00 8.564897757459698502e-01
3.613231552163391203e-01 7.636997025207454826e-01 1.000000000000000000e+00 7.739417592314687955e-01
7.015547543938728259e-01 7.840559135087915577e-01 1.000000000000000000e+00 8.256730287432249016e-01
7.903170345918439921e-01 7.587637728238320056e-01 1.000000000000000000e+00 7.392742633212890935e-01
4.777432712215456401e-01 7.653013448715675349e-01 1.000000000000000000e+00 7.884237145265553526e-01
8.177799607072698818e-01 8.689823278488727487e-01 1.000000000000000000e+00 8.744196710036111764e-01
8.518488286670488074e-01 8.480492380330083568e-01 1.000000000000000000e+00 8.648378144761390551e-01
5.899193548387138275e-01 7.931572136476977564e-01 1.000000000000000000e+00 8.283008577519960225e-01
9.319552541354890751e-01 8.240855625589361688e-01 1.000000000000000000e+00 9.095108006871885920e-01
5.364328970502074689e-01 9.012915006197603773e-01 1.000000000000000000e+00 6.857347760973661055e-01
7.784873278786681450e-01 6.189421362580369568e-01 1.000000000000000000e+00 8.491318327974280988e-01
7.770825480588030576e-01 3.767000715819669443e-01 1.000000000000000000e+00 6.887788068059461644e-01
7.093652149160344367e-01 9.086866706347818123e-01 1.000000000000000000e+00 8.841975090539715421e-01
3.353214049039319189e-01 8.562819134986707770e-01 1.000000000000000000e+00 8.081903528650064006e-01
7.085207726911900705e-01 8.299559909495513033e-01 1.000000000000000000e+00 8.699664032555721738e-01
7.596463022508054275e-01 6.449103670257962939e-01 1.000000000000000000e+00 7.997367621747505373e-01
7.402384181597563284e-01 9.240846905860259364e-01 1.000000000000000000e+00 9.137442437123628469e-01
8.673026886383351508e-01 8.710598275188559114e-01 1.000000000000000000e+00 8.299788724563553766e-01
5.855587483194062415e-01 7.592292089249497167e-01 1.000000000000000000e+00 7.797662771285479577e-01
4.849084611578681758e-01 8.076766856214470103e-01 1.000000000000000000e+00 8.231517912611324705e-01
7.746292623028252500e-01 9.073391566789518192e-01 1.000000000000000000e+00 8.640867572539784325e-01
7.164179104477623738e-01 8.225551541736552119e-01 1.000000000000000000e+00 8.206308481738608940e-01
8.487318840579721746e-01 8.368212967843966510e-01 1.000000000000000000e+00 8.820268582136169266e-01
9.088003815883617387e-01 9.024973346686913089e-01 1.000000000000000000e+00 8.811826837532418244e-01
7.800431636409805858e-01 8.957686457844162842e-01 1.000000000000000000e+00 8.228379513014280056e-01
9.125766499430429946e-01 9.014272553705657831e-01 1.000000000000000000e+00 8.596733321624812074e-01
7.820717555626554018e-01 7.697034588706301861e-01 1.000000000000000000e+00 6.310117740969940492e-01
2.798053527981411159e-01 7.625396825396831835e-01 1.000000000000000000e+00 7.360350492880709528e-01
7.787718584790570553e-01 8.398175669983997116e-01 1.000000000000000000e+00 9.083786143993791695e-01
2.235067437381072220e-01 5.823000796268918977e-01 1.000000000000000000e+00 6.693086745927050440e-01
8.332868189056525932e-01 7.724614609249379482e-01 1.000000000000000000e+00 8.705277247229034066e-01
7.583061889250892751e-01 6.121366597152502198e-01 1.000000000000000000e+00 8.019143844722200765e-01
2.236904200094750328e-01 9.044629488560246289e-01 1.000000000000000000e+00 8.539859102706721661e-01
8.525979680696663676e-01 7.533901356054248932e-01 1.000000000000000000e+00 8.567250191853816865e-01
7.456045927520661420e-01 8.992377385949188451e-01 1.000000000000000000e+00 8.804935054982954146e-01
8.083866267303504438e-01 8.192918370614006296e-01 1.000000000000000000e+00 8.686925529919345967e-01
7.078998622393249951e-01 9.269392798130311473e-01 1.000000000000000000e+00 8.633062793677923619e-01
7.450590428837803314e-01 8.321851348728898090e-01 1.000000000000000000e+00 8.964469575491604836e-01
7.515923566879002538e-01 9.094858469603388507e-01 1.000000000000000000e+00 8.540311921755229241e-01
7.712303117083392223e-01 6.632116089937817316e-01 1.000000000000000000e+00 8.797640746277829438e-01
6.716854872438355883e-01 9.169031942486790543e-01 1.000000000000000000e+00 8.761491463484276654e-01
8.056074766355147965e-01 7.092292286723598238e-01 1.000000000000000000e+00 7.248901188344479829e-01
5.915966386554850631e-01 8.085281021074020025e-01 1.000000000000000000e+00 7.971619365609433627e-01
8.839053596281613023e-01 8.727419711857720142e-01 1.000000000000000000e+00 8.556221278576002787e-01
7.973928940465797588e-01 7.280218038917428691e-01 1.000000000000000000e+00 8.037194550565861517e-01
8.818446699487594298e-01 8.666073588357007251e-01 1.000000000000000000e+00 9.169546940681925218e-01
6.179066834804780584e-01 8.425176286236621959e-01 1.000000000000000000e+00 8.346525945470573138e-01
8.430495310335431869e-01 6.020994150484798579e-01 1.000000000000000000e+00 7.664776030292083098e-01
6.449086161880049906e-01 7.277599533323615422e-01 1.000000000000000000e+00 8.794496990541723624e-01
8.244857566975343222e-01 8.852320487446909691e-01 1.000000000000000000e+00 8.111444189737271326e-01
7.627570297896043572e-01 9.135187983290374847e-01 1.000000000000000000e+00 9.103187220834281224e-01
8.234523419587295168e-01 8.337639125842881693e-01 1.000000000000000000e+00 8.479160916367656231e-01
8.560425927840383808e-01 7.794586843520344699e-01 1.000000000000000000e+00 8.435413271989525841e-01
7.798511841889074203e-01 6.385589228683692387e-01 1.000000000000000000e+00 7.531297655778992350e-01
4.798393574297230568e-01 8.739981667332596960e-01 1.000000000000000000e+00 8.048085485307221454e-01
7.122672652845648544e-01 6.085684933408612718e-01 1.000000000000000000e+00 8.848780352665772675e-01
8.646122587199467358e-01 8.680975967712348806e-01 1.000000000000000000e+00 8.538035889745055895e-01
6.598135897498962343e-01 8.183037839553372050e-01 1.000000000000000000e+00 5.154486914397130581e-01
9.092690821958513414e-01 8.182422356221229487e-01 1.000000000000000000e+00 8.065495637467812173e-01
5.906615351100167333e-01 8.572238189693562882e-01 1.000000000000000000e+00 7.422072887050931156e-01
7.706539894642198130e-01 8.837351759286485864e-01 1.000000000000000000e+00 8.969704403287139804e-01
5.994184746141892894e-01 7.752345711642661952e-01 1.000000000000000000e+00 8.298537569339401454e-01
5.521620804354535617e-01 5.506584723441694251e-01 1.000000000000000000e+00 7.853753837566345153e-01
6.492312113809506346e-01 8.400263708544732921e-01 1.000000000000000000e+00 8.414013222889289434e-01
8.856679505371990446e-01 8.342041457500944945e-01 1.000000000000000000e+00 8.210927416876662166e-01
7.122641509434037843e-01 4.554744525547524958e-01 1.000000000000000000e+00 7.899179932465051346e-01
7.703180212014169026e-01 9.024094066077275045e-01 1.000000000000000000e+00 8.869896785221228486e-01
6.124630429838548995e-01 8.362748111360954750e-01 1.000000000000000000e+00 8.583865935282576354e-01
6.496413199426162022e-01 8.764227115016701708e-01 1.000000000000000000e+00 8.233638282899387040e-01
5.929108485499899883e-01 8.354698285192048157e-01 1.000000000000000000e+00 6.553672316386128793e-01
7.110380325993729267e-01 2.373701813061114552e-01 1.000000000000000000e+00 7.298050139276142101e-01
7.248940482771378813e-01 7.462640955902584139e-01 1.000000000000000000e+00 8.632728910913399778e-01
8.728758593851344560e-01 7.239569356933549527e-01 1.000000000000000000e+00 9.301923786228719626e-01
7.996323529411790698e-01 8.678951142705703115e-01 1.000000000000000000e+00 9.164523197103938701e-01
6.107654013690166916e-01 9.530915721813544295e-01 1.000000000000000000e+00 8.878749548247204526e-01
8.676518087855302763e-01 8.664183375711914659e-01 1.000000000000000000e+00 9.160898981258265295e-01
6.618712788598839492e-01 7.640150538743106789e-01 1.000000000000000000e+00 9.353551661856005506e-01
5.649771799183316290e-01 9.322495245907752581e-01 1.000000000000000000e+00 9.000091416034374792e-01
8.354711005542385660e-01 9.154344956866047323e-01 1.000000000000000000e+00 9.360567436403395281e-01
6.846315789473750302e-01 8.154508303625775945e-01 1.000000000000000000e+00 9.222291021671831235e-01
5.996039603960435782e-01 8.685236164145676563e-01 1.000000000000000000e+00 9.028078446464939955e-01
6.899540931652419218e-01 6.352930798747415952e-01 1.000000000000000000e+00 8.746617484769234618e-01
6.218941303565032053e-01 9.051953520457987068e-01 1.000000000000000000e+00 9.188045648222640249e-01
5.701626860505395467e-01 7.878032757175548184e-01 1.000000000000000000e+00 9.206571805070300485e-01
4.742268041237193144e-01 8.938826049126565865e-01 1.000000000000000000e+00 8.933401668517412242e-01
9.531818970001735281e-01 9.330755983551822785e-01 1.000000000000000000e+00 9.299449474260966797e-01
9.242855478437443928e-01 7.420879990951255722e-01 1.000000000000000000e+00 8.786977266348584559e-01
8.470749116136351287e-01 8.827084443260522217e-01 1.000000000000000000e+00 7.109113075281948690e-01
7.701251058225947466e-01 8.543046932661834125e-01 1.000000000000000000e+00 9.195168513265179477e-01
8.008911267682168322e-01 8.860604699334906353e-01 1.000000000000000000e+00 8.529357012547007511e-01
1.083223249670926813e-01 8.966963339449124382e-01 1.000000000000000000e+00 8.754545454545468175e-01
8.063700707785667054e-01 8.909974790534079814e-01 1.000000000000000000e+00 9.037435871387214936e-01
8.738690487576274979e-01 7.632640351137343071e-01 1.000000000000000000e+00 7.739086971009668803e-01
7.658525310116343077e-01 4.604433792690240113e-01 1.000000000000000000e+00 7.294221252237508279e-01
8.539227349571106851e-01 9.001688957867349794e-01 1.000000000000000000e+00 9.068273092369482091e-01
6.620638638885505411e-01 7.326509795645607115e-01 1.000000000000000000e+00 7.484437934822439908e-01
3.523035230352742353e-01 9.425208591097998800e-01 1.000000000000000000e+00 9.766567023813522708e-01
7.203551046290483928e-01 9.018115826673884783e-01 1.000000000000000000e+00 9.170413669064754192e-01
5.820218724993386772e-01 9.439618696326991243e-01 1.000000000000000000e+00 9.431260771576296387e-01
8.287118427361358508e-01 9.052541018865606359e-01 1.000000000000000000e+00 8.749280790316453782e-01
6.292949545442070303e-01 8.249409640227810536e-01 1.000000000000000000e+00 9.039211788385558277e-01
7.681360248679827141e-01 6.948776113730570358e-01 1.000000000000000000e+00 8.463998308601029530e-01
3.992673992674542482e-01 8.791325499331942295e-01 1.000000000000000000e+00 8.787878787878803388e-01
1.830035192984527936e-01 7.365858395294642147e-01 1.000000000000000000e+00 8.408739892795495940e-01
7.049924357034836886e-01 9.475849675263258165e-01 1.000000000000000000e+00 9.282331075004497389e-01
8.885484749455339060e-01 8.823758361317536325e-01 1.000000000000000000e+00 7.617798405811748719e-01
7.825091575091579488e-01 8.904426854294928972e-01 1.000000000000000000e+00 8.751804374915180817e-01
1.694599627560907928e-01 8.564831993403424493e-01 1.000000000000000000e+00 8.872301578777795905e-01
6.734668491105899601e-01 9.356115107913670625e-01 1.000000000000000000e+00 9.263542800797059940e-01
4.974733295901320185e-01 9.341423071042352921e-01 1.000000000000000000e+00 9.546103085428929713e-01
8.222192643861758743e-01 9.239592183517417734e-01 1.000000000000000000e+00 9.182508131550418673e-01
7.365508761143571004e-01 9.460889252530234605e-01 1.000000000000000000e+00 9.495668725821091449e-01
7.790016404968375108e-01 7.356552354212632094e-01 1.000000000000000000e+00 8.836912400157131975e-01
8.238680166521056281e-01 8.361151312297093741e-01 1.000000000000000000e+00 8.543821876805127724e-01
8.579589382355470306e-01 6.425849120053814811e-01 1.000000000000000000e+00 7.901138788063510887e-01
7.775525248802070966e-01 8.880050468125284535e-01 1.000000000000000000e+00 9.203766954255593324e-01
4.893262388614671443e-01 8.852074037702013509e-01 1.000000000000000000e+00 7.680110635558367038e-01
7.975521532406675274e-01 7.815899581589963452e-01 1.000000000000000000e+00 8.808394122442156915e-01
1.580432737535541476e-01 8.320191780030617990e-01 1.000000000000000000e+00 9.125539749397337808e-01
7.866171003717524757e-01 7.668216502790553557e-01 1.000000000000000000e+00 8.596466229695080008e-01
8.875426457928135004e-01 8.606380320404254380e-01 1.000000000000000000e+00 9.498390654949189216e-01
6.722869955156958177e-01 8.970772001102218507e-01 1.000000000000000000e+00 9.073892849930876858e-01
9.521684528817196957e-01 7.743170270455016491e-01 1.000000000000000000e+00 9.049208129325201355e-01
3.968007109531349608e-01 8.220571115524210049e-01 1.000000000000000000e+00 8.810500729217308757e-01
7.844009489916968780e-01 8.313867117463247247e-01 1.000000000000000000e+00 9.000175305323440123e-01
5.941086673828258613e-01 8.274719749179216821e-01 1.000000000000000000e+00 7.980103330768389958e-01
7.210156722317829781e-01 8.511288427042742466e-01 1.000000000000000000e+00 9.351017890191241078e-01
4.110468850353621861e-01 4.638378536016370401e-01 1.000000000000000000e+00 9.116847004775440189e-01
5.286470871449243658e-01 8.591618398637139720e-01 1.000000000000000000e+00 6.816301947400132955e-01
4.754176610978770867e-01 8.957859765693304555e-01 1.000000000000000000e+00 9.562365650664169658e-01
7.550480223852397144e-01 9.305031118009640112e-01 1.000000000000000000e+00 8.093228394357636635e-01
8.226628895184142642e-01 8.807909051501127129e-01 1.000000000000000000e+00 9.349772590278919715e-01
7.374368123699117650e-01 7.831434836087504126e-01 1.000000000000000000e+00 9.371745921555020287e-01
4.307951198990563335e-01 7.991335349068100502e-01 1.000000000000000000e+00 8.403648802736620738e-01
5.933597767004583634e-01 9.323665214281069424e-01 1.000000000000000000e+00 9.145151884641892215e-01
6.338687688933695163e-01 9.457993758899626568e-01 1.000000000000000000e+00 8.828870350739735917e-01
7.499291411912383243e-01 8.656376669794934031e-01 1.000000000000000000e+00 8.714819665846725849e-01
7.740748703982421874e-01 9.234841028044684652e-01 1.000000000000000000e+00 8.819492953116654377e-01
7.319262165697024702e-01 8.181605181809251670e-01 1.000000000000000000e+00 8.847826522636632607e-01
6.895568800207321214e-01 8.306572587365966820e-01 1.000000000000000000e+00 8.630721242599787013e-01
7.275843599357273428e-01 9.467135493981502226e-01 1.000000000000000000e+00 9.478691732767056122e-01
8.598376993166292337e-01 6.107787864309607295e-01 1.000000000000000000e+00 9.313724363761706204e-01
7.937239606417875182e-01 8.879334792916860897e-01 1.000000000000000000e+00 8.715189873417725774e-01
8.302410800385734424e-01 8.733495083641938939e-01 1.000000000000000000e+00 8.043993604939637665e-01
6.088353413654642443e-01 9.326964699962631000e-01 1.000000000000000000e+00 8.812494835137594240e-01
7.948098974049493393e-01 9.293005484076394263e-01 1.000000000000000000e+00 9.221422285368932048e-01
1.385041551260195875e-02 8.823380869472761123e-01 1.000000000000000000e+00 8.112947658402236417e-01
6.816727476845373390e-01 8.847777436482514579e-01 1.000000000000000000e+00 7.922263503858260059e-01
3.086816720258345748e-01 8.000869187309873620e-01 1.000000000000000000e+00 7.584097859327322277e-01
8.610221956452920322e-01 7.541186609436316690e-01 1.000000000000000000e+00 8.682628358606013785e-01
8.796140379012644672e-01 8.781762819649161500e-01 1.000000000000000000e+00 9.094820543543380431e-01
2.837684449490029404e-01 8.407316101031874211e-01 1.000000000000000000e+00 7.459158846020248479e-01
7.837744929529061322e-01 9.000093405566972349e-01 1.000000000000000000e+00 9.375915439788600203e-01
7.321903787103383188e-01 8.742776697727426827e-01 1.000000000000000000e+00 8.865799686797849466e-01
8.379535347658038091e-01 8.455489356060293948e-01 1.000000000000000000e+00 8.991842444723026073e-01
1.598513011153977759e-01 9.269537709396795666e-01 1.000000000000000000e+00 8.806600925739609398e-01
9.367454786835621716e-01 6.268181007314032049e-01 1.000000000000000000e+00 8.293641286118174083e-01
4.152009036630674998e-01 8.771691675532892196e-01 1.000000000000000000e+00 8.654159658429295687e-01
8.125000000000013323e-01 9.366622297370221784e-01 1.000000000000000000e+00 9.384989741876998970e-01
8.423152888064816546e-01 6.155209071580444169e-01 1.000000000000000000e+00 8.187739640596852775e-01
8.374982656820881832e-01 9.212239905811706597e-01 1.000000000000000000e+00 8.795044230722878220e-01
7.735967169785089581e-01 9.236621218396828814e-01 1.000000000000000000e+00 9.402051604124144202e-01
3.495860165593974167e-01 7.668784660634505590e-01 1.000000000000000000e+00 9.211837689413208130e-01
4.422567645365588773e-01 8.927593252760630538e-01 1.000000000000000000e+00 8.626615494646077131e-01
9.127639537831867544e-01 8.844893551950767652e-01 1.000000000000000000e+00 9.073916335415483925e-01
7.401288617214625276e-01 9.061379872938967184e-01 1.000000000000000000e+00 9.484001538796059672e-01
8.258735034882723758e-01 7.686022037885354985e-01 1.000000000000000000e+00 9.437617260787992679e-01
8.627550373843627662e-01 8.458921618751722438e-01 1.000000000000000000e+00 9.328931314146273746e-01
9.145225698832335492e-01 8.183136136182953546e-01 1.000000000000000000e+00 9.376125877725084434e-01
8.475971663794755750e-01 9.236268762918036224e-01 1.000000000000000000e+00 7.847609893156867189e-01
3.746852826733877984e-01 8.744404744511006244e-01 1.000000000000000000e+00 8.995815899581591779e-01
7.726394775237965806e-01 7.878086986318135754e-01 1.000000000000000000e+00 6.989677085430030523e-01
9.317777647495653071e-01 6.969767787715912544e-01 1.000000000000000000e+00 9.056949186086786785e-01
8.110762295741773542e-01 8.954737751899195519e-01 1.000000000000000000e+00 8.928963032581456183e-01
