8.586579994012746297e-01
9.020370559934491883e-01
9.010246593852054842e-01
8.823215239451674963e-01
9.519086973632429061e-01
8.904239021750099958e-01
9.074802452074697268e-01
8.515471993732863787e-01
9.390129809379020864e-01
9.045680238331680334e-01
9.252552494702372954e-01
9.151850276478101787e-01
9.061306089947225306e-01
8.769846505695567673e-01
8.869137545734397943e-01
8.476237510922013385e-01
9.140100916679350096e-01
7.285216718266267488e-01
9.141351730810691745e-01
9.283635993419889765e-01
9.653131915712499511e-01
9.129969504085710952e-01
9.123766669815290831e-01
9.118909940520907309e-01
9.046373243049146140e-01
8.751289280066015808e-01
8.761860382906587752e-01
9.503509785126131870e-01
9.042304468657642591e-01
8.796788255402595569e-01
9.109074870834760196e-01
9.335568059379871775e-01
9.054393863598466652e-01
9.271787643880667895e-01
9.543055022898008222e-01
9.162133071690599095e-01
9.471005507655930744e-01
9.275981477306743939e-01
8.805456213356024353e-01
8.061060274728775177e-01
8.850933021604540096e-01
7.666041122715409051e-01
8.763613068545883511e-01
9.155180664601728635e-01
9.273329687650787578e-01
9.482162935704795403e-01
9.072604687428337256e-01
8.905957100910736335e-01
9.038809729985050057e-01
9.303549143592261261e-01
9.508596497677781478e-01
9.086377856726232105e-01
8.811508304006915315e-01
8.937314503117345099e-01
9.070725156669667832e-01
9.021075613777128632e-01
9.213573474263110352e-01
9.166666666666669627e-01
9.319906265162229975e-01
8.888268836624120262e-01
9.117604721462514439e-01
9.409230487190064496e-01
9.601047839903805725e-01
8.813587667109250567e-01
8.467605407790750327e-01
8.518650542411296822e-01
9.211439403769881018e-01
8.605108055009832446e-01
9.405298300047163496e-01
8.083492631189493904e-01
8.879133607459316346e-01
8.580435326494878501e-01
9.160206718346270982e-01
9.340341986086346804e-01
9.632839148180118993e-01
7.927594786459405407e-01
8.606199035446961965e-01
9.255026455026462706e-01
9.424222369291860302e-01
9.406260367930341371e-01
9.331929099435658514e-01
9.252832900957964624e-01
9.202652087937652770e-01
9.096245518654219042e-01
9.000447391440801193e-01
9.278544597221856094e-01
9.535235943281920035e-01
8.842127413330533869e-01
9.524565756823826224e-01
9.266948084677421038e-01
9.524051465204202982e-01
8.480992524256404375e-01
9.036618469890871364e-01
9.525466865340482814e-01
9.420368906749191362e-01
9.500139625802850318e-01
9.245332632132536865e-01
9.139898811624899144e-01
9.403696870539912656e-01
9.278163010117086440e-01
9.267910330772851646e-01
8.573613766730455721e-01
8.801180376244930326e-01
9.181382712518773026e-01
9.141505496034511014e-01
9.320038443056227750e-01
9.304887401519907897e-01
9.000478076765471291e-01
8.021832616606027200e-01
9.083558602046728492e-01
8.864215634928951371e-01
8.665188470066548243e-01
9.377156529404359064e-01
8.876188909903243163e-01
8.992897468584966081e-01
9.405656878940095167e-01
9.532601075017528292e-01
8.514465358748859458e-01
9.665544748628521754e-01
8.283125874640939745e-01
9.293758798686064804e-01
8.630210132864282180e-01
9.448564109478229112e-01
8.286717835306373070e-01
9.104248719110523691e-01
9.033504411510295817e-01
9.601754202777488256e-01
9.389907105197088377e-01
8.738564696983636138e-01
8.841510403287962117e-01
9.325306286787968801e-01
8.833273037366273783e-01
9.355187319884727959e-01
9.556664802287909710e-01
9.086755349913245849e-01
9.596627052616006903e-01
8.522632602054994733e-01
7.885425442291550402e-01
9.504765816178106785e-01
7.878136200716922000e-01
9.344143917868861227e-01
9.102620406968245925e-01
9.506536785439634318e-01
9.619970571819981275e-01
9.487521764364480470e-01
9.528164622739555556e-01
8.831795671082735000e-01
9.393774474016062248e-01
9.451007644197361168e-01
9.276725334766448006e-01
9.159847686948071610e-01
8.461452576341208509e-01
9.069600574025374895e-01
9.427431930778467084e-01
9.327133892795043124e-01
9.593048960996520824e-01
8.927290511900898284e-01
9.269607746205006382e-01
9.207444841612236752e-01
9.111681643132223396e-01
9.576479361319472083e-01
9.092045108198720804e-01
9.438642111128574541e-01
8.986158192090396568e-01
7.770266399312523165e-01
9.421148010788942262e-01
9.540202920649815121e-01
8.696270649650417184e-01
9.588522660886793503e-01
7.981640294721590312e-01
9.436672340072234100e-01
9.334074794939528630e-01
8.783744557329480340e-01
8.594293667362568057e-01
9.365886176151989595e-01
9.076643541460198694e-01
9.437384898710867720e-01
9.268445839874412950e-01
9.135260712441926056e-01
7.075812274368494803e-01
7.382020943832466875e-01
9.305154194522323730e-01
9.579837035058106354e-01
9.581964348130025400e-01
8.647948466601320661e-01
9.590970084458126932e-01
9.437760981529436100e-01
9.464158132888783603e-01
9.498922843692653162e-01
9.333971291866032249e-01
9.485378341452643802e-01
9.325670191940004239e-01
9.558737057394861569e-01
9.539120232189539639e-01
9.295661001067181406e-01
9.725075073016221650e-01
9.532895287838528686e-01
9.066057355516639049e-01
9.510713866119601123e-01
9.482506954071000527e-01
9.090718844825791400e-01
9.179318091235192378e-01
9.034929216760334558e-01
9.561126787017788509e-01
9.412541900124784533e-01
8.953631010794903533e-01
9.718070978271305949e-01
9.449895662211963421e-01
9.556911647651897823e-01
9.462970648022451803e-01
9.275158196584271098e-01
9.145252132415032653e-01
9.336858338841161897e-01
9.045021650816172931e-01
9.522262423392159336e-01
9.227144299717460196e-01
9.266017107162809463e-01
9.109292248435247874e-01
9.536302408406502895e-01
9.429780684878801278e-01
9.532155589635324944e-01
9.651664611590629050e-01
9.156645002814596257e-01
9.130910797143008129e-01
9.037081846228299797e-01
9.397719971910533099e-01
8.922895105016641626e-01
9.086710239651417664e-01
9.322389955542529361e-01
9.093021968900453222e-01
9.626954364507009920e-01
9.409044040076529614e-01
9.731781996325781225e-01
9.043378750491722906e-01
9.461496300356262434e-01
9.483125288950532417e-01
9.655700849591203339e-01
9.455248618784533043e-01
7.260416945433142422e-01
9.629243636174149579e-01
8.596801943123169032e-01
9.745323680796752486e-01
9.446110278194238541e-01
8.723423342603402464e-01
9.600970067141221254e-01
9.601034625802201683e-01
9.189821428571429696e-01
9.350966546222533315e-01
9.370889413070626617e-01
9.366685163842290995e-01
9.731209036396597511e-01
9.539567970398937780e-01
9.069381762818771175e-01
9.298586884876935965e-01
9.085886297820455759e-01
9.739888350961422026e-01
8.557427258805535564e-01
8.389550784319894650e-01
7.468223978014515430e-01
9.254601434238338697e-01
9.654471544715447218e-01
8.882384246939891703e-01
9.740317164402060301e-01
9.642447673643514960e-01
9.387536942715211108e-01
9.275467586707839551e-01
9.486598399641877899e-01
9.053860773134271289e-01
9.641925454740378765e-01
9.135749830975106178e-01
9.434865835593644334e-01
9.562248774847200705e-01
9.239926739926747068e-01
9.555481254768825039e-01
9.564553931239145879e-01
9.629866607319210736e-01
9.541323862833408498e-01
9.586693548387097419e-01
9.611916155557054253e-01
9.432793585914165391e-01
8.970567325465664821e-01
8.916171703734238063e-01
9.554878647931610569e-01
9.471706229270667743e-01
